%YAML:1.0
subsample_image: 1
start_level: 1
end_level: 13
sigma_xy: 1.
percent_retained: 8.4999999999999998e-01
n_components: 2
mean_vector: !!opencv-matrix
   rows: 1
   cols: 6
   dt: d
   data: [ 2.6289000000000000e-02, 1.6596000000000000e-02,
       1.0540000000000001e-02, 7.0987999999999997e-03,
       5.0457999999999996e-03, 3.7664999999999999e-03 ]
scaling_vector: !!opencv-matrix
   rows: 1
   cols: 6
   dt: d
   data: [ 7.3118000000000002e-03, 2.3733999999999999e-03,
       2.3446999999999999e-03, 2.0679600000000002e-03,
       1.6792000000000001e-03, 1.3396000000000000e-03 ]
loadings: !!opencv-matrix
   rows: 2
   cols: 6
   dt: d
   data: [ -3.7309999999999999e-01, 2.0119999999999999e-01,
       4.4180000000000003e-01, 4.6120000000000000e-01,
       4.5829999999999999e-01, 4.4990000000000002e-01,
       -5.0570000000000004e-01, -8.1169999999999998e-01,
       -2.4790000000000001e-01, -2.3699999999999999e-02,
       7.8899999999999998e-02, 1.3100000000000001e-01 ]
